image: ncfm_old.png
resolution: 0.1
#origin: [-1.34888, 0.0828094, 0.0]
origin: [-26.35, -24.92, 0.0]
negate: 0
occupied_thresh: 0.65
free_thresh: 0.196
